1.

*                                                                          
* *
* * *
* * * *
* * * * *

2.  

1
12
123
1234
12345 

3.  

1
22
333
4444

4.  

1  1  1  1  1  
2  2  2  2
3  3  3
4  4
5

5.  

5 5 5 5 5 
5 5 5 5
5 5 5
5 5
5


6.  

0  1  2  3  4  5  
0  1  2  3  4
0  1  2  3
0  1  2
0  1

7.  

1  
3  3
5  5  5
7  7  7  7
9  9  9  9  9

8.  

5 5 5 5 5 
4 4 4 4 
3 3 3 
2 2 
1

9.

1 
2 1 
3 2 1 
4 3 2 1 
5 4 3 2 1

10.

5 4 3 2 1 
4 3 2 1 
3 2 1 
2 1 
1

11.

1
3 2
6 5 4
10 9 8 7

